10 10
0 0 0 0 0 0 0 0 0 1
0 0 2 3 0 0 0 0 4 0
0 0 5 6 0 0 0 0 0 0
0 0 0 0 0 0 0 0 0 0
0 0 0 0 1 0 0 0 0 0
0 0 0 0 0 0 0 0 0 0
0 0 0 0 0 0 0 0 0 0
0 0 0 5 0 0 7 6 0 0
0 0 2 7 0 0 4 3 0 0
0 0 0 0 0 0 0 0 0 0

10 10
1 2 1 3 0 0 0 0 0 0
0 0 0 0 0 5 0 0 0 0
0 0 0 0 0 0 0 0 0 0
0 0 0 0 0 0 6 0 0 0
0 0 0 0 0 0 0 0 0 0
0 2 0 0 0 0 0 0 0 0
0 0 0 0 0 0 0 0 0 0
0 0 0 0 4 7 0 0 0 0
0 6 0 0 0 0 0 7 5 4
0 0 0 0 0 0 0 0 0 3

10 10
1 2 1 3 0 0 0 0 0 0
0 0 0 0 0 5 0 0 0 0
0 0 0 0 0 0 0 0 0 0
0 0 0 0 0 0 0 0 0 0
0 0 0 0 0 0 0 0 0 0
0 2 0 0 0 0 0 0 0 0
0 0 0 0 0 0 0 0 0 0
0 0 0 0 4 0 0 0 0 0
0 0 0 0 0 0 0 0 5 4
0 0 0 0 0 0 0 0 0 3

10 10
0 0 0 0 0 0 0 0 0 1
0 0 0 0 0 0 0 0 0 0
0 0 0 0 0 0 0 0 0 0
0 0 0 0 0 0 0 0 0 0
0 0 0 0 0 0 0 0 0 0
0 0 0 0 0 0 0 0 0 0
0 0 0 0 0 0 0 0 0 0
0 0 0 0 0 0 0 0 0 0
0 0 0 0 0 0 0 0 0 0
1 0 0 0 0 0 0 0 0 0

10 2
1 0 0 0 0 0 0 0 0 1
0 0 0 0 0 0 0 0 0 0

3 2
1 0 1
0 0 0

0 0
